0 0.707107 0.707107
0.211325 0.57735 0.788675
-0.211325 0.57735 0.788675
0.408248 0.408248 0.816497
0 0.447214 0.894427
0.211325 0.57735 0.788675
-0.408248 0.408248 0.816497
-0.211325 0.57735 0.788675
0.211325 0.57735 0.788675
-0.211325 0.57735 0.788675
0.707107 0 0.707107
0.382683 0 0.92388
0.57735 0.211325 0.788675
0 0 1
0.214187 0.214187 0.953021
0.57735 0.211325 0.788675
0.57735 0.211325 0.788675
-0.707107 0 0.707107
-0.57735 0.211325 0.788675
-0.382683 0 0.92388
-0.214187 0.214187 0.953021
-0.57735 0.211325 0.788675
-0.57735 0.211325 0.788675
-0.707107 0.707107 0
-0.57735 0.788675 0.211325
-0.408248 0.816497 0.408248
-0.211325 0.788675 0.57735
0 0.707107 -0.707107
0 0.92388 -0.382683
0 1 4.21468e-08
0 0.92388 0.382683
0.211325 0.788675 -0.57735
0 0.92388 -0.382683
0.408248 0.816497 -0.408248
0.214186 0.953021 -0.214187
0 1 0
0.707107 0.707107 0
0.57735 0.788675 0.211325
0.57735 0.788675 -0.211325
0.408248 0.816497 0.408248
0.447214 0.894427 0
0 0.92388 0.382683
0.211325 0.788675 0.57735
0.214186 0.953021 0.214187
0.788675 0.57735 0.211325
0.816497 0.408248 0.408248
0.788675 0.211325 0.57735
0.707107 -0.707107 0
0.788675 -0.57735 0.211325
0.92388 -0.382683 0
0.816497 -0.408248 0.408248
0.953021 -0.214186 0.214187
1 4.21468e-08 0
0.788675 -0.211325 0.57735
0.894427 1.63234e-08 0.447214
0.92388 0.382683 0
0.953021 0.214187 0.214187
0.707107 0 -0.707107
0.788675 -0.211325 -0.57735
0.57735 0.211325 -0.788675
0.816497 -0.408248 -0.408248
0.408248 0.408248 -0.816497
0.57735 0.211325 -0.788675
0.57735 0.211325 -0.788675
0.816497 -0.408248 -0.408248
0.788675 -0.57735 -0.211325
0.211325 0.57735 -0.788675
0.408248 0.408248 -0.816497
0.788675 0.211325 -0.57735
0.816497 0.408248 -0.408248
0.639602 0.426401 -0.639602
0.788675 0.57735 -0.211325
0.408248 0.816497 -0.408248
0.639602 0.639602 -0.426401
0.211325 0.57735 -0.788675
0.211325 0.788675 -0.57735
0.426401 0.639602 -0.639602
0.211325 0.57735 -0.788675
0.211325 0.57735 -0.788675
-0.707107 0 -0.707107
-0.382683 0 -0.92388
0 0 -1
0.382683 0 -0.92388
0 -0.707107 -0.707107
0.211325 -0.57735 -0.788675
0.408248 -0.408248 -0.816497
0.211325 -0.57735 -0.788675
0.211325 -0.57735 -0.788675
0.57735 -0.211325 -0.788675
0.57735 -0.211325 -0.788675
0.57735 -0.211325 -0.788675
0.788675 -0.57735 -0.211325
0.57735 -0.788675 -0.211325
0.639602 -0.639602 -0.426401
0.408248 -0.816497 -0.408248
0.639602 -0.426401 -0.639602
0.211325 -0.788675 -0.57735
0.426401 -0.639602 -0.639602
0 -0.707107 0.707107
0.211325 -0.788675 0.57735
0 -0.92388 0.382683
0.408248 -0.816497 0.408248
0.214187 -0.953021 0.214186
0 -1 -4.21468e-08
0.57735 -0.788675 0.211325
0.447214 -0.894427 -1.63234e-08
0 -0.92388 -0.382683
0.214187 -0.953021 -0.214187
-0.707107 -0.707107 0
-0.57735 -0.788675 0.211325
-0.408248 -0.816497 0.408248
-0.211325 -0.788675 0.57735
-0.57735 -0.211325 0.788675
-0.408248 -0.408248 0.816497
-0.57735 -0.211325 0.788675
-0.57735 -0.211325 0.788675
-0.211325 -0.57735 0.788675
-0.211325 -0.57735 0.788675
-0.211325 -0.57735 0.788675
0.57735 -0.211325 0.788675
0.408248 -0.408248 0.816497
0.57735 -0.211325 0.788675
0.57735 -0.211325 0.788675
0.211325 -0.57735 0.788675
0.211325 -0.57735 0.788675
0.211325 -0.57735 0.788675
0.788675 -0.211325 0.57735
0.816497 -0.408248 0.408248
0.57735 0.211325 0.788675
-nan -nan -nan
-nan -nan -nan
-nan -nan -nan
-nan -nan -nan
-nan -nan -nan
-nan -nan -nan
-nan -nan -nan
-nan -nan -nan
06898 7.62273e-09 0.59069
0.788675 -0.211325 0.57735
0.874728 0.208721 0.437364
0.894427 1.63234e-08 0.447214
0.849313 0.106637 0.517007
0.809511 -0.31246 0.497052
0.874728 -0.208721 0.437364
0.849313 -0.106637 0.517007
0.83147 0.55557 0
0.92388 0.382683 0
0.867278 0.486184 0.10702
0.988185 0.108374 0.108374
0.980785 0.19509 0
0.953021 0.214187 0.214187
0.947388 0.301277 0.108113
0.895337 0.314938 0.314938
0.888679 0.403872 0.217112
0.935925 -0.108508 0.335068
0.935925 0.108508 0.335068
0.975663 2.28828e-08 0.219275
0.707107 0 -0.707107
0.754344 -0.106574 -0.64777
0.64777 0.106574 -0.754344
0.788675 -0.211325 -0.57735
0.57735 0.211325 -0.788675
0.816497 -0.408248 -0.408248
0.809511 -0.31246 -0.497052
0.408248 0.408248 -0.816497
0.497052 0.31246 -0.809511
0.57735 0.211325 -0.788675
0.57735 0.211325 -0.788675
0.64777 0.106574 -0.754344
0.707107 -7.71341e-09 -0.707107
0.788675 -0.57735 -0.211325
0.754344 -0.64777 -0.106574
0.816497 -0.408248 -0.408248
0.809511 -0.497052 -0.31246
0.788675 -0.57735 -0.211325
0.809511 -0.31246 -0.497052
0.809511 -0.497052 -0.31246
0.106574 0.64777 -0.754344
0.211325 0.57735 -0.788675
0.211325 0.57735 -0.788675
0.31246 0.497052 -0.809511
0.408248 0.408248 -0.816497
0.211325 0.57735 -0.788675
0.211325 0.57735 -0.788675
0.497052 0.31246 -0.809511
0.31246 0.497052 -0.809511
0.497052 0.31246 -0.809511
0.754344 0.106574 -0.64777
0.788675 0.211325 -0.57735
0.690768 0.213724 -0.690768
0.816497 0.408248 -0.408248
0.735924 0.421839 -0.529592
0.809511 0.31246 -0.497052
0.639602 0.426401 -0.639602
0.720687 0.321787 -0.614055
0.529592 0.421839 -0.735924
0.614055 0.321787 -0.720687
0.754344 0.64777 -0.106574
0.690768 0.690768 -0.213724
0.788675 0.57735 -0.211325
0.408248 0.816497 -0.408248
0.529592 0.735924 -0.421839
0.497052 0.809511 -0.31246
0.639602 0.639602 -0.426401
0.614055 0.720687 -0.321787
0.809511 0.497052 -0.31246
0.735924 0.529592 -0.421839
0.720687 0.614055 -0.321787
0.106574 0.64777 -0.754344
0.106574 0.754344 -0.64777
0.213724 0.690768 -0.690768
0.211325 0.788675 -0.57735
0.421839 0.529592 -0.735924
0.31246 0.497052 -0.809511
0.426401 0.639602 -0.639602
0.321787 0.614055 -0.720687
0.31246 0.809511 -0.497052
0.421839 0.735924 -0.529592
0.321787 0.720687 -0.614055
0.646997 0.539164 -0.539164
0.539164 0.646997 -0.539164
0.539164 0.539164 -0.646997
-0.707107 0 -0.707107
-0.55557 0 -0.83147
-0.382683 0 -0.92388
0 0 -1
-0.19509 0 -0.980785
0.55557 0 -0.83147
0.382683 0 -0.92388
0.19509 0 -0.980785
0 -0.707107 -0.707107
0.106574 -0.64777 -0.754344
0.211325 -0.57735 -0.788675
0.408248 -0.408248 -0.816497
0.31246 -0.497052 -0.809511
0.31246 -0.497052 -0.809511
0.211325 -0.57735 -0.788675
0.106574 -0.64777 -0.754344
0.64777 -0.106574 -0.754344
0.57735 -0.211325 -0.788675
0.57735 -0.211325 -0.788675
0.497052 -0.31246 -0.809511
0.754344 -0.64777 -0.106574
0.64777 -0.754344 -0.106574
0.690768 -0.690768 -0.213724
0.57735 -0.788675 -0.211325
0.735924 -0.529592 -0.421839
0.639602 -0.639602 -0.426401
0.720687 -0.614055 -0.321787
0.408248 -0.816497 -0.408248
0.497052 -0.809511 -0.31246
0.529592 -0.735924 -0.421839
0.614055 -0.720687 -0.321787
0.690768 -0.213724 -0.690768
0.529592 -0.421839 -0.735924
0.639602 -0.426401 -0.639602
0.614055 -0.321787 -0.720687
0.735924 -0.421839 -0.529592
0.720687 -0.321787 -0.614055
0.106574 -0.754344 -0.64777
0.211325 -0.788675 -0.57735
0.213724 -0.690768 -0.690768
0.421839 -0.735924 -0.529592
0.31246 -0.809511 -0.497052
0.426401 -0.639602 -0.639602
0.321787 -0.720687 -0.614055
0.421839 -0.529592 -0.735924
0.321787 -0.614055 -0.720687
0.646997 -0.539164 -0.539164
0.539164 -0.539164 -0.646997
0.539164 -0.646997 -0.539164
0 -0.707107 0.707107
0.106574 -0.754344 0.64777
0 -0.83147 0.55557
0.211325 -0.788675 0.57735
0.10702 -0.867278 0.486184
0 -0.92388 0.382683
0.408248 -0.816497 0.408248
0.314938 -0.895337 0.314938
0.31246 -0.809511 0.497052
0.214187 -0.953021 0.214186
0.217112 -0.888679 0.403872
0 -1 -4.21468e-08
0 -0.980785 0.19509
0.108374 -0.988185 0.108374
0.108113 -0.947388 0.301277
0.64777 -0.754344 0.106574
0.59069 -0.806898 -7.62273e-09
0.57735 -0.788675 0.211325
0.437364 -0.874728 -0.208721
0.447214 -0.894427 -1.63234e-08
0.517007 -0.849313 -0.106637
0.517007 -0.849313 -0.106637
0.517007 -0.849313 -0.106637
0.497052 -0.809511 0.31246
0.437364 -0.874728 0.208721
0.517007 -0.849313 0.106637
0.517007 -0.849313 0.106637
0.517007 -0.849313 0.106637
0 -0.83147 -0.55557
0 -0.92388 -0.382683
0.10702 -0.867278 -0.486184
0.108374 -0.988185 -0.108374
0 -0.980785 -0.19509
0.214187 -0.953021 -0.214187
0.108113 -0.947388 -0.301277
0.314938 -0.895337 -0.314938
0.217112 -0.888679 -0.403872
0.335068 -0.935925 0.108508
0.335068 -0.935925 -0.108508
0.219275 -0.975663 -2.28828e-08
-0.707107 -0.707107 0
-0.64777 -0.754344 0.106574
-0.57735 -0.788675 0.211325
-0.408248 -0.816497 0.408248
-0.497052 -0.809511 0.31246
-0.106574 -0.754344 0.64777
-0.211325 -0.788675 0.57735
-0.31246 -0.809511 0.497052
-0.64777 -0.106574 0.754344
-0.57735 -0.211325 0.788675
-0.408248 -0.408248 0.816497
-0.497052 -0.31246 0.809511
-0.497052 -0.31246 0.809511
-0.57735 -0.211325 0.788675
-0.64777 -0.106574 0.754344
-0.106574 -0.64777 0.754344
-0.211325 -0.57735 0.788675
-0.211325 -0.57735 0.788675
-0.31246 -0.497052 0.809511
0.64777 -0.106574 0.754344
0.57735 -0.211325 0.788675
0.57735 -0.211325 0.788675
0.408248 -0.408248 0.816497
0.497052 -0.31246 0.809511
0.106574 -0.64777 0.754344
0.211325 -0.57735 0.788675
0.31246 -0.497052 0.809511
0.211325 -0.57735 0.788675
0.106574 -0.64777 0.754344
0.31246 -0.497052 0.809511
0.754344 -0.106574 0.64777
0.57735 0.211325 0.788675
0.788675 -0.211325 0.57735
0.816497 -0.408248 0.408248
0.754344 -0.106574 0.64777
0.809511 -0.31246 0.497052
0.57735 0.211325 0.788675
0.211325 0.57735 0.788675
0.31246 0.497052 0.809511
0.497052 0.31246 0.809511
