   1.0200000e+02
   1.3565461e+02  -2.1840103e+01   1.9819526e+02  -1.0170771e+01
   1.3632370e+02   1.2187567e+01   1.9869165e+02   1.9780392e+01
   1.3659126e+02   4.6222740e+01   1.9946641e+02   4.9773407e+01
   1.3618322e+02   8.0487054e+01   1.9890466e+02   7.9833292e+01
   1.3618923e+02   1.1488794e+02   1.9924137e+02   1.1009794e+02
   1.3557352e+02   1.4888312e+02   1.9854904e+02   1.4019595e+02
   1.0460796e+02  -2.2508578e+01   1.7365956e+02  -1.0556587e+01
   1.0465313e+02   1.1736607e+01   1.7395584e+02   1.9691431e+01
   1.0478526e+02   4.6460713e+01   1.7458636e+02   5.0252516e+01
   1.0457158e+02   8.0953990e+01   1.7417263e+02   8.0783049e+01
   1.0459174e+02   1.1535848e+02   1.7444097e+02   1.1115772e+02
   1.0437634e+02   1.5019535e+02   1.7410457e+02   1.4160445e+02
   7.2535504e+01  -2.3201340e+01   1.4849881e+02  -1.1138970e+01
   7.2558710e+01   1.1594239e+01   1.4863036e+02   1.9607124e+01
   7.2628399e+01   4.6604103e+01   1.4918117e+02   5.0626676e+01
   7.2525945e+01   8.1233985e+01   1.4858668e+02   8.1245004e+01
   7.2287421e+01   1.1627549e+02   1.4859441e+02   1.1210216e+02
   7.1969831e+01   1.5120192e+02   1.4853599e+02   1.4321231e+02
   3.9773632e+01  -2.3602728e+01   1.2246578e+02  -1.1551178e+01
   4.0144464e+01   1.1556425e+01   1.2268584e+02   1.9586701e+01
   4.0447929e+01   4.6670400e+01   1.2334768e+02   5.0749467e+01
   3.9626964e+01   8.2028161e+01   1.2265015e+02   8.2021137e+01
   3.9514609e+01   1.1716629e+02   1.2252761e+02   1.1321018e+02
   3.9423381e+01   1.5227031e+02   1.2248098e+02   1.4436653e+02
   6.8546879e+00  -2.4418765e+01   9.6014444e+01  -1.1984500e+01
   7.2574490e+00   1.1396253e+01   9.6609162e+01   1.9608204e+01
   7.3284311e+00   4.6698371e+01   9.6687887e+01   5.0849626e+01
   6.5433913e+00   8.2169734e+01   9.6408732e+01   8.2744839e+01
   6.4800159e+00   1.1766813e+02   9.5872017e+01   1.1424657e+02
   6.4791015e+00   1.5343124e+02   9.6082919e+01   1.4602665e+02
  -2.6558934e+01  -2.4640903e+01   6.8995111e+01  -1.2555627e+01
  -2.6499960e+01   1.0829206e+01   6.9518077e+01   1.9526829e+01
  -2.6586633e+01   4.6747549e+01   6.9532848e+01   5.1400625e+01
  -2.7122409e+01   8.2779745e+01   6.9228731e+01   8.3212654e+01
  -2.7385173e+01   1.1841828e+02   6.9078117e+01   1.1529126e+02
  -2.7461512e+01   1.5443854e+02   6.9167034e+01   1.4739623e+02
  -6.0759788e+01  -2.5584288e+01   4.1583311e+01  -1.2965988e+01
  -6.1347509e+01   1.0630597e+01   4.1541133e+01   1.9556284e+01
  -6.1562412e+01   4.6764284e+01   4.1226148e+01   5.1769646e+01
  -6.1554706e+01   8.3050630e+01   4.1329061e+01   8.4151474e+01
  -6.1746894e+01   1.1932705e+02   4.1119768e+01   1.1640925e+02
  -6.1871649e+01   1.5566108e+02   4.1440242e+01   1.4913669e+02
  -9.6614546e+01  -2.5864918e+01   1.2549031e+01  -1.3519330e+01
  -9.6654949e+01   1.0570803e+01   1.2551417e+01   1.9505076e+01
  -9.7135252e+01   4.6926792e+01   1.2380775e+01   5.1955423e+01
  -9.7376300e+01   8.3781084e+01   1.2426714e+01   8.5042035e+01
  -9.7294524e+01   1.2029188e+02   1.2560996e+01   1.1785493e+02
  -9.7539254e+01   1.5707802e+02   1.2462437e+01   1.5042962e+02
  -9.8505492e+01  -1.6361335e+02  -1.3630076e+02  -1.5228957e+02
  -9.8546116e+01  -1.4949510e+02  -1.3618931e+02  -1.3877090e+02
  -9.8728409e+01  -1.3541719e+02  -1.3653833e+02  -1.2526451e+02
  -9.8794674e+01  -1.2135899e+02  -1.3654775e+02  -1.1162840e+02
  -9.9016295e+01  -1.0711728e+02  -1.3661742e+02  -9.8041445e+01
  -9.9178368e+01  -9.3059874e+01  -1.3679150e+02  -8.4335285e+01
  -1.1251654e+02  -1.6450504e+02  -1.4910087e+02  -1.5326354e+02
  -1.1245267e+02  -1.5047783e+02  -1.4882490e+02  -1.3973736e+02
  -1.1251829e+02  -1.3630654e+02  -1.4923631e+02  -1.2608675e+02
  -1.1264220e+02  -1.2222459e+02  -1.4937956e+02  -1.1255550e+02
  -1.1270267e+02  -1.0790924e+02  -1.4948916e+02  -9.8785792e+01
  -1.1283560e+02  -9.3795606e+01  -1.4971112e+02  -8.4963177e+01
  -1.2631101e+02  -1.6543112e+02  -1.6174075e+02  -1.5431046e+02
  -1.2623416e+02  -1.5139519e+02  -1.6170397e+02  -1.4096352e+02
  -1.2640168e+02  -1.3728845e+02  -1.6184356e+02  -1.2698410e+02
  -1.2652703e+02  -1.2306434e+02  -1.6210896e+02  -1.1336062e+02
  -1.2665368e+02  -1.0868052e+02  -1.6230640e+02  -9.9509215e+01
  -1.2672292e+02  -9.4349594e+01  -1.6252543e+02  -8.5845064e+01
  -1.4013932e+02  -1.6653733e+02  -1.7471300e+02  -1.5540299e+02
  -1.4026713e+02  -1.5236959e+02  -1.7471518e+02  -1.4189690e+02
  -1.4028912e+02  -1.3838655e+02  -1.7485014e+02  -1.2822890e+02
  -1.4060449e+02  -1.2374255e+02  -1.7509545e+02  -1.1422046e+02
  -1.4058667e+02  -1.0930583e+02  -1.7522061e+02  -1.0032104e+02
  -1.4070093e+02  -9.4997511e+01  -1.7561372e+02  -8.6661780e+01
  -1.5398443e+02  -1.6740996e+02  -1.8768269e+02  -1.5659464e+02
  -1.5406324e+02  -1.5332849e+02  -1.8776973e+02  -1.4302072e+02
  -1.5442798e+02  -1.3897887e+02  -1.8815877e+02  -1.2909606e+02
  -1.5446011e+02  -1.2462435e+02  -1.8818723e+02  -1.1512541e+02
  -1.5457604e+02  -1.1006693e+02  -1.8844448e+02  -1.0115724e+02
  -1.5472241e+02  -9.5985074e+01  -1.8855533e+02  -8.7470802e+01
  -1.6827308e+02  -1.6839068e+02  -2.0131646e+02  -1.5770454e+02
  -1.6830325e+02  -1.5419519e+02  -2.0125869e+02  -1.4408292e+02
  -1.6849131e+02  -1.3975338e+02  -2.0144343e+02  -1.3007771e+02
  -1.6856150e+02  -1.2521708e+02  -2.0148004e+02  -1.1610880e+02
  -1.6862721e+02  -1.1091631e+02  -2.0163825e+02  -1.0205420e+02
  -1.6877598e+02  -9.6558432e+01  -2.0170395e+02  -8.8164557e+01
  -1.8252897e+02  -1.6936038e+02  -2.1470075e+02  -1.5885911e+02
  -1.8248901e+02  -1.5508723e+02  -2.1456502e+02  -1.4512083e+02
  -1.8259150e+02  -1.4061469e+02  -2.1471396e+02  -1.3108421e+02
  -1.8263321e+02  -1.2623806e+02  -2.1476969e+02  -1.1711428e+02
  -1.8306648e+02  -1.1171650e+02  -2.1512165e+02  -1.0292363e+02
  -1.8320429e+02  -9.7225508e+01  -2.1541221e+02  -8.8875520e+01
  -1.9705983e+02  -1.7033925e+02  -2.2851382e+02  -1.6013800e+02
  -1.9724930e+02  -1.5580169e+02  -2.2852055e+02  -1.4617309e+02
  -1.9720787e+02  -1.4143932e+02  -2.2848484e+02  -1.3215955e+02
  -1.9742033e+02  -1.2687768e+02  -2.2856255e+02  -1.1809495e+02
  -1.9745757e+02  -1.1245588e+02  -2.2864574e+02  -1.0384620e+02
  -1.9766865e+02  -9.7816323e+01  -2.2928057e+02  -8.9824935e+01
  -2.1161336e+02  -1.7120575e+02  -2.4245331e+02  -1.6121824e+02
  -2.1162545e+02  -1.5682027e+02  -2.4242890e+02  -1.4728707e+02
  -2.1180027e+02  -1.4215400e+02  -2.4248723e+02  -1.3317135e+02
  -2.1181616e+02  -1.2770807e+02  -2.4251854e+02  -1.1902442e+02
  -2.1230706e+02  -1.1306155e+02  -2.4260610e+02  -1.0476462e+02
  -2.1230218e+02  -9.8630005e+01  -2.4305346e+02  -9.0630093e+01
   1.0200000e+02
   1.0200000e+02
   1.3565461e+02  -2.1840103e+01
   1.3632370e+02   1.2187567e+01
   1.3659126e+02   4.6222740e+01
   1.3618322e+02   8.0487054e+01
   1.3618923e+02   1.1488794e+02
   1.3557352e+02   1.4888312e+02
   1.0460796e+02  -2.2508578e+01
   1.0465313e+02   1.1736607e+01
   1.0478526e+02   4.6460713e+01
   1.0457158e+02   8.0953990e+01
   1.0459174e+02   1.1535848e+02
   1.0437634e+02   1.5019535e+02
   7.2535504e+01  -2.3201340e+01
   7.2558710e+01   1.1594239e+01
   7.2628399e+01   4.6604103e+01
   7.2525945e+01   8.1233985e+01
   7.2287421e+01   1.1627549e+02
   7.1969831e+01   1.5120192e+02
   3.9773632e+01  -2.3602728e+01
   4.0144464e+01   1.1556425e+01
   4.0447929e+01   4.6670400e+01
   3.9626964e+01   8.2028161e+01
   3.9514609e+01   1.1716629e+02
   3.9423381e+01   1.5227031e+02
   6.8546879e+00  -2.4418765e+01
   7.2574490e+00   1.1396253e+01
   7.3284311e+00   4.6698371e+01
   6.5433913e+00   8.2169734e+01
   6.4800159e+00   1.1766813e+02
   6.4791015e+00   1.5343124e+02
  -2.6558934e+01  -2.4640903e+01
  -2.6499960e+01   1.0829206e+01
  -2.6586633e+01   4.6747549e+01
  -2.7122409e+01   8.2779745e+01
  -2.7385173e+01   1.1841828e+02
  -2.7461512e+01   1.5443854e+02
  -6.0759788e+01  -2.5584288e+01
  -6.1347509e+01   1.0630597e+01
  -6.1562412e+01   4.6764284e+01
  -6.1554706e+01   8.3050630e+01
  -6.1746894e+01   1.1932705e+02
  -6.1871649e+01   1.5566108e+02
  -9.6614546e+01  -2.5864918e+01
  -9.6654949e+01   1.0570803e+01
  -9.7135252e+01   4.6926792e+01
  -9.7376300e+01   8.3781084e+01
  -9.7294524e+01   1.2029188e+02
  -9.7539254e+01   1.5707802e+02
  -9.8505492e+01  -1.6361335e+02
  -9.8546116e+01  -1.4949510e+02
  -9.8728409e+01  -1.3541719e+02
  -9.8794674e+01  -1.2135899e+02
  -9.9016295e+01  -1.0711728e+02
  -9.9178368e+01  -9.3059874e+01
  -1.1251654e+02  -1.6450504e+02
  -1.1245267e+02  -1.5047783e+02
  -1.1251829e+02  -1.3630654e+02
  -1.1264220e+02  -1.2222459e+02
  -1.1270267e+02  -1.0790924e+02
  -1.1283560e+02  -9.3795606e+01
  -1.2631101e+02  -1.6543112e+02
  -1.2623416e+02  -1.5139519e+02
  -1.2640168e+02  -1.3728845e+02
  -1.2652703e+02  -1.2306434e+02
  -1.2665368e+02  -1.0868052e+02
  -1.2672292e+02  -9.4349594e+01
  -1.4013932e+02  -1.6653733e+02
  -1.4026713e+02  -1.5236959e+02
  -1.4028912e+02  -1.3838655e+02
  -1.4060449e+02  -1.2374255e+02
  -1.4058667e+02  -1.0930583e+02
  -1.4070093e+02  -9.4997511e+01
  -1.5398443e+02  -1.6740996e+02
  -1.5406324e+02  -1.5332849e+02
  -1.5442798e+02  -1.3897887e+02
  -1.5446011e+02  -1.2462435e+02
  -1.5457604e+02  -1.1006693e+02
  -1.5472241e+02  -9.5985074e+01
  -1.6827308e+02  -1.6839068e+02
  -1.6830325e+02  -1.5419519e+02
  -1.6849131e+02  -1.3975338e+02
  -1.6856150e+02  -1.2521708e+02
  -1.6862721e+02  -1.1091631e+02
  -1.6877598e+02  -9.6558432e+01
  -1.8252897e+02  -1.6936038e+02
  -1.8248901e+02  -1.5508723e+02
  -1.8259150e+02  -1.4061469e+02
  -1.8263321e+02  -1.2623806e+02
  -1.8306648e+02  -1.1171650e+02
  -1.8320429e+02  -9.7225508e+01
  -1.9705983e+02  -1.7033925e+02
  -1.9724930e+02  -1.5580169e+02
  -1.9720787e+02  -1.4143932e+02
  -1.9742033e+02  -1.2687768e+02
  -1.9745757e+02  -1.1245588e+02
  -1.9766865e+02  -9.7816323e+01
  -2.1161336e+02  -1.7120575e+02
  -2.1162545e+02  -1.5682027e+02
  -2.1180027e+02  -1.4215400e+02
  -2.1181616e+02  -1.2770807e+02
  -2.1230706e+02  -1.1306155e+02
  -2.1230218e+02  -9.8630005e+01
   1.9819526e+02  -1.0170771e+01
   1.9869165e+02   1.9780392e+01
   1.9946641e+02   4.9773407e+01
   1.9890466e+02   7.9833292e+01
   1.9924137e+02   1.1009794e+02
   1.9854904e+02   1.4019595e+02
   1.7365956e+02  -1.0556587e+01
   1.7395584e+02   1.9691431e+01
   1.7458636e+02   5.0252516e+01
   1.7417263e+02   8.0783049e+01
   1.7444097e+02   1.1115772e+02
   1.7410457e+02   1.4160445e+02
   1.4849881e+02  -1.1138970e+01
   1.4863036e+02   1.9607124e+01
   1.4918117e+02   5.0626676e+01
   1.4858668e+02   8.1245004e+01
   1.4859441e+02   1.1210216e+02
   1.4853599e+02   1.4321231e+02
   1.2246578e+02  -1.1551178e+01
   1.2268584e+02   1.9586701e+01
   1.2334768e+02   5.0749467e+01
   1.2265015e+02   8.2021137e+01
   1.2252761e+02   1.1321018e+02
   1.2248098e+02   1.4436653e+02
   9.6014444e+01  -1.1984500e+01
   9.6609162e+01   1.9608204e+01
   9.6687887e+01   5.0849626e+01
   9.6408732e+01   8.2744839e+01
   9.5872017e+01   1.1424657e+02
   9.6082919e+01   1.4602665e+02
   6.8995111e+01  -1.2555627e+01
   6.9518077e+01   1.9526829e+01
   6.9532848e+01   5.1400625e+01
   6.9228731e+01   8.3212654e+01
   6.9078117e+01   1.1529126e+02
   6.9167034e+01   1.4739623e+02
   4.1583311e+01  -1.2965988e+01
   4.1541133e+01   1.9556284e+01
   4.1226148e+01   5.1769646e+01
   4.1329061e+01   8.4151474e+01
   4.1119768e+01   1.1640925e+02
   4.1440242e+01   1.4913669e+02
   1.2549031e+01  -1.3519330e+01
   1.2551417e+01   1.9505076e+01
   1.2380775e+01   5.1955423e+01
   1.2426714e+01   8.5042035e+01
   1.2560996e+01   1.1785493e+02
   1.2462437e+01   1.5042962e+02
  -1.3630076e+02  -1.5228957e+02
  -1.3618931e+02  -1.3877090e+02
  -1.3653833e+02  -1.2526451e+02
  -1.3654775e+02  -1.1162840e+02
  -1.3661742e+02  -9.8041445e+01
  -1.3679150e+02  -8.4335285e+01
  -1.4910087e+02  -1.5326354e+02
  -1.4882490e+02  -1.3973736e+02
  -1.4923631e+02  -1.2608675e+02
  -1.4937956e+02  -1.1255550e+02
  -1.4948916e+02  -9.8785792e+01
  -1.4971112e+02  -8.4963177e+01
  -1.6174075e+02  -1.5431046e+02
  -1.6170397e+02  -1.4096352e+02
  -1.6184356e+02  -1.2698410e+02
  -1.6210896e+02  -1.1336062e+02
  -1.6230640e+02  -9.9509215e+01
  -1.6252543e+02  -8.5845064e+01
  -1.7471300e+02  -1.5540299e+02
  -1.7471518e+02  -1.4189690e+02
  -1.7485014e+02  -1.2822890e+02
  -1.7509545e+02  -1.1422046e+02
  -1.7522061e+02  -1.0032104e+02
  -1.7561372e+02  -8.6661780e+01
  -1.8768269e+02  -1.5659464e+02
  -1.8776973e+02  -1.4302072e+02
  -1.8815877e+02  -1.2909606e+02
  -1.8818723e+02  -1.1512541e+02
  -1.8844448e+02  -1.0115724e+02
  -1.8855533e+02  -8.7470802e+01
  -2.0131646e+02  -1.5770454e+02
  -2.0125869e+02  -1.4408292e+02
  -2.0144343e+02  -1.3007771e+02
  -2.0148004e+02  -1.1610880e+02
  -2.0163825e+02  -1.0205420e+02
  -2.0170395e+02  -8.8164557e+01
  -2.1470075e+02  -1.5885911e+02
  -2.1456502e+02  -1.4512083e+02
  -2.1471396e+02  -1.3108421e+02
  -2.1476969e+02  -1.1711428e+02
  -2.1512165e+02  -1.0292363e+02
  -2.1541221e+02  -8.8875520e+01
  -2.2851382e+02  -1.6013800e+02
  -2.2852055e+02  -1.4617309e+02
  -2.2848484e+02  -1.3215955e+02
  -2.2856255e+02  -1.1809495e+02
  -2.2864574e+02  -1.0384620e+02
  -2.2928057e+02  -8.9824935e+01
  -2.4245331e+02  -1.6121824e+02
  -2.4242890e+02  -1.4728707e+02
  -2.4248723e+02  -1.3317135e+02
  -2.4251854e+02  -1.1902442e+02
  -2.4260610e+02  -1.0476462e+02
  -2.4305346e+02  -9.0630093e+01