0 0.850651 0.525731
0.309017 0.5 0.809017
-0.309017 0.5 0.809017
0.525731 0 0.850651
0 0 1
0.309017 0.5 0.809017
-0.525731 0 0.850651
-0.309017 0.5 0.809017
0 0 1
0.309017 0.5 0.809017
0 0 1
-0.309017 0.5 0.809017
-0.850651 0.525731 0
-0.5 0.809017 0.309017
-0.850651 0.525731 0
0 0.850651 0.525731
-0.5 0.809017 0.309017
-0.5 0.809017 0.309017
-0.850651 0.525731 0
-0.850651 0.525731 0
-0.5 0.809017 0.309017
-0.5 0.809017 0.309017
-0.5 0.809017 0.309017
-0.850651 0.525731 0
0 0.850651 -0.525731
0 1 3.50347e-08
0 1 3.50347e-08
0 0.850651 0.525731
0 0.850651 0.525731
0 1 3.50347e-08
0 0.850651 0.525731
0 1 3.50347e-08
0 0.850651 0.525731
0 1 3.50347e-08
0 0.850651 0.525731
0 1 3.50347e-08
0 0.850651 -0.525731
0.5 0.809017 -0.309017
0 1 0
0.850651 0.525731 0
0.5 0.809017 0.309017
0.5 0.809017 -0.309017
0 0.850651 0.525731
0 1 0
0.5 0.809017 0.309017
0.5 0.809017 -0.309017
0.5 0.809017 0.309017
0 1 0
0.850651 0.525731 0
0.809017 0.309017 0.5
0.850651 0.525731 0
0.525731 0 0.850651
0.809017 0.309017 0.5
0.809017 0.309017 0.5
0.850651 0.525731 0
0.850651 0.525731 0
0.809017 0.309017 0.5
0.809017 0.309017 0.5
0.809017 0.309017 0.5
0.850651 0.525731 0
0.850651 -0.525731 0
0.809017 -0.309017 0.5
1 3.50347e-08 0
0.525731 0 0.850651
0.809017 0.309017 0.5
0.809017 -0.309017 0.5
0.850651 0.525731 0
1 3.50347e-08 0
0.809017 0.309017 0.5
0.809017 -0.309017 0.5
0.809017 0.309017 0.5
1 3.50347e-08 0
0.525731 0 -0.850651
0.809017 -0.309017 -0.5
0.309017 0.5 -0.809017
0.850651 -0.525731 0
0.809017 0.309017 -0.5
0.809017 -0.309017 -0.5
0 0.850651 -0.525731
0.309017 0.5 -0.809017
0.809017 0.309017 -0.5
0.809017 -0.309017 -0.5
0.809017 0.309017 -0.5
0.309017 0.5 -0.809017
0.525731 0 -0.850651
0.809017 0.309017 -0.5
0.309017 0.5 -0.809017
0.850651 0.525731 0
0.5 0.809017 -0.309017
0.809017 0.309017 -0.5
0 0.850651 -0.525731
0.309017 0.5 -0.809017
0.5 0.809017 -0.309017
0.809017 0.309017 -0.5
0.5 0.809017 -0.309017
0.309017 0.5 -0.809017
-0.525731 0 -0.850651
0 0 -1
-0.525731 0 -0.850651
0.525731 0 -0.850651
0 0 -1
0 0 -1
-0.525731 0 -0.850651
-0.525731 0 -0.850651
0 0 -1
0 0 -1
0 0 -1
-0.525731 0 -0.850651
0 -0.850651 -0.525731
0.309017 -0.5 -0.809017
0 -0.850651 -0.525731
0.525731 0 -0.850651
0.309017 -0.5 -0.809017
0.309017 -0.5 -0.809017
0 -0.850651 -0.525731
0 -0.850651 -0.525731
0.309017 -0.5 -0.809017
0.309017 -0.5 -0.809017
0.309017 -0.5 -0.809017
0 -0.850651 -0.525731
0.850651 -0.525731 0
0.809017 -0.309017 -0.5
0.5 -0.809017 -0.309017
0.525731 0 -0.850651
0.309017 -0.5 -0.809017
0.809017 -0.309017 -0.5
0 -0.850651 -0.525731
0.5 -0.809017 -0.309017
0.309017 -0.5 -0.809017
0.809017 -0.309017 -0.5
0.309017 -0.5 -0.809017
0.5 -0.809017 -0.309017
0 -0.850651 0.525731
0.5 -0.809017 0.309017
0 -1 -3.50347e-08
0.850651 -0.525731 0
0.5 -0.809017 -0.309017
0.5 -0.809017 0.309017
0 -0.850651 -0.525731
0 -1 -3.50347e-08
0.5 -0.809017 -0.309017
0.5 -0.809017 0.309017
0.5 -0.809017 -0.309017
0 -1 -3.50347e-08
-0.850651 -0.525731 0
-0.5 -0.809017 0.309017
-0.850651 -0.525731 0
0 -0.850651 0.525731
-0.5 -0.809017 0.309017
-0.5 -0.809017 0.309017
-0.850651 -0.525731 0
-0.850651 -0.525731 0
-0.5 -0.809017 0.309017
-0.5 -0.809017 0.309017
-0.5 -0.809017 0.309017
-0.850651 -0.525731 0
-0.525731 0 0.850651
-0.309017 -0.5 0.809017
-0.525731 0 0.850651
0 -0.850651 0.525731
-0.309017 -0.5 0.809017
-0.309017 -0.5 0.809017
-0.525731 0 0.850651
-0.525731 0 0.850651
-0.309017 -0.5 0.809017
-0.309017 -0.5 0.809017
-0.309017 -0.5 0.809017
-0.525731 0 0.850651
0.525731 0 0.850651
0.309017 -0.5 0.809017
0.309017 -0.5 0.809017
0 -0.850651 0.525731
0 -0.850651 0.525731
0.309017 -0.5 0.809017
0 -0.850651 0.525731
0.309017 -0.5 0.809017
0 -0.850651 0.525731
0.309017 -0.5 0.809017
0 -0.850651 0.525731
0.309017 -0.5 0.809017
0.525731 0 0.850651
0.809017 -0.309017 0.5
-0.309017 0.5 0.809017
0.850651 -0.525731 0
-nan -nan -nan
0.809017 -0.309017 0.5
-0.850651 0.525731 0
-0.309017 0.5 0.809017
-nan -nan -nan
0.809017 -0.309017 0.5
-nan -nan -nan
-0.309017 0.5 0.809017
-0.525731 0 0.850651
-0.809017 -0.309017 0.5
-0.809017 0.309017 0.5
-0.850651 -0.525731 0
-1 0 0
-0.809017 -0.309017 0.5
-0.850651 0.525731 0
-0.809017 0.309017 0.5
-1 0 0
-0.809017 -0.309017 0.5
-1 0 0
-0.809017 0.309017 0.5
-0.850651 -0.525731 0
-0.809017 -0.309017 -0.5
-1 0 0
-0.525731 0 -0.850651
-0.809017 0.309017 -0.5
-0.809017 -0.309017 -0.5
-0.850651 0.525731 0
-1 0 0
-0.809017 0.309017 -0.5
-0.809017 -0.309017 -0.5
-0.809017 0.309017 -0.5
-1 0 0
-0.525731 0 -0.850651
-0.309017 0.5 -0.809017
-0.309017 -0.5 -0.809017
0 0.850651 -0.525731
0 0 -1
-0.309017 0.5 -0.809017
0 -0.850651 -0.525731
-0.309017 -0.5 -0.809017
0 0 -1
-0.309017 0.5 -0.809017
0 0 -1
-0.309017 -0.5 -0.809017
-0.525731 0 -0.850651
-0.809017 -0.309017 -0.5
-1 0 0
-0.850651 -0.525731 0
-0.809017 -0.309017 0.5
-0.809017 -0.309017 -0.5
-0.525731 0 0.850651
-1 0 0
-0.809017 -0.309017 0.5
-0.809017 -0.309017 -0.5
-0.809017 -0.309017 0.5
-1 0 0
48 0 0
-46.8703 -17.9028 28.9674
-46.8703 -17.9028 -28.9674
-46.8703 -17.9028 28.9674
-57.9348 0 0
117
-8.81594e+27 1.42645e+28 -2.30804e+28
-0 2.42682e+28 -1.49986e+28
-8.81594e+27 1.42645e+28 -2.30804e+28
-0 2.42682e+28 -1.49986e+28
-8.81594e+27 1.42645e+28 -2.30804e+28
8.4117 0 13.6104
-2.30804e+28 8.81594e+27 -1.42645e+28
8.81594e+27 -1.42645e+28 -2.30804e+28
13.6104 -8.4117 0
-nan -nan -nan
-2.30804e+28 8.81594e+27 -1.42645e+28
-13.6104 8.4117 0
8.81594e+27 -1.42645e+28 -2.30804e+28
-nan -nan -nan
-2.30804e+28 8.81594e+27 -1.42645e+28
-nan -nan -nan
8.81594e+27 -1.42645e+28 -2.30804e+28
-8.4117 0 13.6104
2.30804e+28 8.81594e+27 -1.42645e+28
2.30804e+28 -8.81594e+27 -1.42645e+28
-13.6104 -8.4117 0
2.8529e+28 -0 -0
2.30804e+28 8.81594e+27 -1.42645e+28
-13.6104 8.4117 0
2.30804e+28 -8.81594e+27 -1.42645e+28
2.8529e+28 -0 -0
2.30804e+28 8.81594e+27 -1.42645e+28
2.8529e+28 -0 -0
2.30804e+28 -8.81594e+27 -1.42645e+28
-13.6104 -8.4117 0
2.30804e+28 8.81594e+27 1.42645e+28
2.8529e+28 -0 -0
-8.4117 0 -13.6104
2.30804e+28 -8.81594e+27 1.42645e+28
2.30804e+28 8.81594e+27 1.42645e+28
-13.6104 8.4117 0
2.8529e+28 -0 -0
2.30804e+28 -8.81594e+27 1.42645e+28
2.30804e+28 8.81594e+27 1.42645e+28
2.30804e+28 -8.81594e+27 1.42645e+28
2.8529e+28 -0 -0
-8.4117 0 -13.6104
8.81594e+27 -1.42645e+28 2.30804e+28
8.81594e+27 1.42645e+28 2.30804e+28
0 13.6104 -8.4117
-0 -0 2.8529e+28
8.81594e+27 -1.42645e+28 2.30804e+28
0 -13.6104 -8.4117
8.81594e+27 1.42645e+28 2.30804e+28
-0 -0 2.8529e+28
8.81594e+27 -1.42645e+28 2.30804e+28
-0 -0 2.8529e+28
8.81594e+27 1.42645e+28 2.30804e+28
-8.4117 0 -13.6104
2.30804e+28 8.81594e+27 1.42645e+28
2.8529e+28 -0 -0
-13.6104 -8.4117 0
2.30804e+28 8.81594e+27 -1.42645e+28
2.30804e+28 8.81594e+27 1.42645e+28
-8.4117 0 13.6104
2.8529e+28 -0 -0
2.30804e+28 8.81594e+27 -1.42645e+28
2.30804e+28 8.81594e+27 1.42645e+28
2.30804e+28 8.81594e+27 -1.42645e+28
2.8529e+28 -0 -0
